[[ 0.22      ]
 [-1.27922838]]
[[ 0.22      ]
 [-1.38677518]]
[[ 0.22      ]
 [-1.65550847]]
[[ 0.22      ]
 [-1.85253255]]
[[ 0.22]
 [-2.  ]]
[[0.22]
 [2.  ]]
[[0.22]
 [2.  ]]
[[0.22]
 [2.  ]]
[[0.22]
 [2.  ]]
[[0.22]
 [2.  ]]
[[0.22]
 [2.  ]]
[[0.22]
 [2.  ]]
[[0.22]
 [2.  ]]
[[0.22]
 [2.  ]]
[[0.22]
 [2.  ]]
[[0.22]
 [2.  ]]
[[0.22]
 [2.  ]]
[[0.22]
 [2.  ]]
[[0.22]
 [2.  ]]
[[0.22]
 [2.  ]]
[[0.22]
 [2.  ]]
[[0.22]
 [2.  ]]
[[0.22]
 [2.  ]]
[[0.22]
 [2.  ]]
[[0.22]
 [2.  ]]
[[0.22]
 [2.  ]]
[[0.22]
 [2.  ]]
[[0.22]
 [2.  ]]
[[0.22]
 [2.  ]]
[[0.22      ]
 [1.52860963]]
[[0.22      ]
 [1.51669138]]
[[ 0.22]
 [-2.  ]]
[[ 0.22]
 [-2.  ]]
[[ 0.22]
 [-2.  ]]
[[ 0.22]
 [-2.  ]]
[[ 0.22]
 [-2.  ]]
[[ 0.22      ]
 [-1.91664274]]
[[ 0.22      ]
 [-1.90920976]]
[[ 0.22      ]
 [-1.67230915]]
[[ 0.22      ]
 [-1.67132703]]
[[ 0.22      ]
 [-1.67474311]]
[[ 0.22      ]
 [-1.47730626]]
[[ 0.22      ]
 [-1.48128912]]
[[ 0.22      ]
 [-1.34409959]]
[[ 0.22      ]
 [-1.35038665]]
[[ 0.22      ]
 [-1.29009001]]
[[ 0.22     ]
 [-1.2975768]]
[[ 0.22      ]
 [-1.30552633]]
[[ 0.22      ]
 [-1.33707675]]
[[ 0.22      ]
 [-1.34135457]]
[[ 0.22      ]
 [-1.45738604]]
[[ 0.22      ]
 [-1.45717101]]
[[ 0.22      ]
 [-1.62075488]]
[[ 0.22      ]
 [-1.61262949]]
[[ 0.22     ]
 [-1.4994849]]
[[ 0.22      ]
 [-1.79467951]]
[[ 0.22      ]
 [-1.77397539]]
[[ 0.22]
 [-2.  ]]
[[ 0.22]
 [-2.  ]]
[[ 0.22]
 [-2.  ]]
[[ 0.20174289]
 [-2.        ]]
[[ 0.17070882]
 [-2.        ]]
[[-0.22]
 [-2.  ]]
[[-0.22]
 [-2.  ]]
[[-0.22]
 [-2.  ]]
[[-0.22]
 [-2.  ]]
[[-0.22]
 [-2.  ]]
[[-0.22]
 [-2.  ]]
[[-0.22]
 [-2.  ]]
[[-0.22]
 [-2.  ]]
[[-0.22]
 [-2.  ]]
[[-0.22]
 [-2.  ]]
[[-0.22      ]
 [-1.01089994]]
[[-0.22      ]
 [-0.97617739]]
[[-0.22      ]
 [-1.16096975]]
[[-0.22      ]
 [-1.31937368]]
[[-0.22      ]
 [-1.37123309]]
[[-0.22      ]
 [-1.51245169]]
[[-0.22      ]
 [-1.55428813]]
[[-0.22      ]
 [-1.66993313]]
[[-0.22      ]
 [-1.71677477]]
[[-0.22      ]
 [-1.81704171]]
[[-0.22     ]
 [-1.9093391]]
[[-0.22      ]
 [-1.95470058]]
[[-0.22]
 [-2.  ]]
[[-0.22]
 [-2.  ]]
[[-0.22]
 [-2.  ]]
[[-0.22]
 [-2.  ]]
[[-0.22]
 [-2.  ]]
[[-0.22]
 [-2.  ]]
[[-0.22]
 [-2.  ]]
[[-0.22]
 [-2.  ]]
[[-0.22]
 [-2.  ]]
[[-0.22]
 [-2.  ]]
[[-0.22]
 [-2.  ]]
[[-0.22]
 [-2.  ]]
[[-0.22]
 [-2.  ]]
[[-0.22]
 [-2.  ]]
[[-0.22]
 [-2.  ]]
[[-0.22]
 [-2.  ]]
[[-0.22]
 [-2.  ]]
[[-0.22]
 [-2.  ]]
[[-0.22]
 [-2.  ]]
[[-0.22]
 [-2.  ]]
[[-0.22]
 [-2.  ]]
[[-0.22]
 [-2.  ]]
[[-0.22]
 [-2.  ]]
[[-0.22]
 [-2.  ]]
[[-0.22]
 [-2.  ]]
[[-0.22]
 [-2.  ]]
[[-0.22]
 [-2.  ]]
[[-0.22]
 [-2.  ]]
[[-0.22]
 [-2.  ]]
[[-0.22]
 [-2.  ]]
[[-0.22]
 [-2.  ]]
[[-0.22]
 [-2.  ]]
[[-0.22]
 [-2.  ]]
[[-0.22]
 [-2.  ]]
[[-0.22]
 [-2.  ]]
[[-0.22]
 [-2.  ]]
[[-0.22      ]
 [-0.21396398]]
[[-0.22      ]
 [-0.45583142]]
[[-0.22      ]
 [-0.80681887]]
[[-0.22      ]
 [-1.08345405]]
[[-0.22      ]
 [-1.30888313]]
[[-0.22      ]
 [-1.51462044]]
[[-0.22      ]
 [-1.66723579]]
[[-0.22      ]
 [-1.82280138]]
[[-0.22      ]
 [-1.93959424]]
[[-0.22]
 [-2.  ]]
[[-0.22]
 [-2.  ]]
[[-0.22]
 [-2.  ]]
[[-0.22]
 [-2.  ]]
[[-0.22]
 [-2.  ]]
[[-0.14812211]
 [-2.        ]]
[[-0.15007614]
 [-2.        ]]
[[-0.06522262]
 [-2.        ]]
[[-0.06212078]
 [-2.        ]]
[[-0.05855211]
 [-2.        ]]
[[ 0.03686508]
 [-2.        ]]
[[ 0.05876857]
 [-1.64515537]]
[[ 0.14914629]
 [-1.23987969]]
[[ 0.14169781]
 [-0.96256096]]
[[ 0.20683218]
 [-0.76177539]]
[[ 0.18729837]
 [-0.61699539]]
[[ 0.1666092 ]
 [-0.49490584]]
[[ 0.22      ]
 [-0.35277784]]
[[ 0.21625324]
 [-0.22847209]]
[[ 0.22      ]
 [-0.13190424]]
[[-0.07040058]
 [-2.        ]]
[[ 0.22      ]
 [-0.02747415]]
[[ 0.22      ]
 [-0.08686801]]
[[ 0.22      ]
 [-0.15837008]]
[[ 0.22      ]
 [-0.20270953]]
[[ 0.22     ]
 [-0.2966805]]
[[ 0.22      ]
 [-0.32907888]]
[[ 0.21290251]
 [-0.42577201]]
[[ 0.22      ]
 [-0.44096839]]
[[ 0.18304565]
 [-0.53822597]]
[[ 0.14146971]
 [-0.62198955]]
[[ 0.18016818]
 [-0.5426286 ]]
[[ 0.15099858]
 [-0.52374437]]
[[ 0.20967278]
 [-0.44452515]]
[[ 0.20944948]
 [-0.44396449]]
[[ 0.22      ]
 [-0.37509614]]
[[ 0.22      ]
 [-0.37534468]]
[[ 0.22      ]
 [-0.39446265]]
[[ 0.22      ]
 [-0.31920049]]
[[ 0.22      ]
 [-0.31929263]]
[[ 0.22      ]
 [-0.27777162]]
[[ 0.22     ]
 [-0.2783006]]
[[ 0.22      ]
 [-0.24706519]]
[[ 0.22      ]
 [-0.24748115]]
[[ 0.22      ]
 [-0.24756177]]
[[ 0.22     ]
 [-0.2279513]]
[[ 0.22     ]
 [-0.2283922]]
[[0.22]
 [2.  ]]
[[0.22]
 [2.  ]]
[[0.22]
 [2.  ]]
[[0.22]
 [2.  ]]
[[0.22]
 [2.  ]]
[[0.22]
 [2.  ]]
[[0.22]
 [2.  ]]
[[0.22]
 [2.  ]]
[[0.22]
 [2.  ]]
[[0.22]
 [2.  ]]
[[0.22]
 [2.  ]]
[[0.22]
 [2.  ]]
[[-0.22      ]
 [ 1.35226184]]
[[-0.22      ]
 [ 1.34649944]]
[[-0.22      ]
 [ 0.63586341]]
[[-0.22      ]
 [-0.08935974]]
[[-0.22]
 [ 2.  ]]
[[-0.22]
 [ 2.  ]]
[[-0.22      ]
 [ 1.90785161]]
[[-0.22      ]
 [ 1.88476734]]
[[-0.22    ]
 [ 1.884688]]
[[-0.22      ]
 [ 1.79537222]]
[[-0.22     ]
 [ 1.7954237]]
[[-0.22      ]
 [ 1.72845195]]
[[-0.22      ]
 [ 1.72812302]]
[[-0.22      ]
 [ 1.72786802]]
[[-0.22      ]
 [ 1.67962132]]
[[-0.22      ]
 [ 1.67984278]]
[[-0.22      ]
 [ 1.64821484]]
[[-0.22      ]
 [ 1.64814728]]
[[-0.22      ]
 [ 1.62849577]]
[[-0.22      ]
 [ 1.62837383]]
[[-0.22      ]
 [ 1.62827856]]
[[-0.22     ]
 [ 1.6131045]]
[[-0.22      ]
 [ 1.61343341]]
[[-0.22      ]
 [ 1.58715528]]
[[-0.22      ]
 [ 1.58763586]]
[[-0.22     ]
 [ 1.5235356]]
[[-0.22      ]
 [ 1.52305697]]
[[-0.22]
 [ 2.  ]]
[[-0.22]
 [ 2.  ]]
[[-0.22      ]
 [-0.59350941]]
[[-0.13510151]
 [ 1.93177213]]
[[-0.1996483 ]
 [ 1.47295622]]
[[-0.02530246]
 [ 0.77144464]]
[[-0.02539672]
 [ 0.77235352]]
[[0.13259918]
 [2.        ]]
[[0.22     ]
 [1.3825554]]
[[0.22      ]
 [0.51573782]]
[[0.22      ]
 [0.33039704]]
[[0.22      ]
 [0.33038275]]
[[0.22      ]
 [0.01568391]]
[[0.22    ]
 [0.015684]]
[[0.22      ]
 [0.02508975]]
