[[0.48708803]
 [0.00256078]]
[[0.46130381]
 [0.00266449]]
[[0.43604293]
 [0.00277631]]
[[0.41130638]
 [0.00289732]]
[[0.38709533]
 [0.00302876]]
[[0.36341122]
 [0.00317216]]
[[0.34025577]
 [0.00332931]]
[[0.31763112]
 [0.00350243]]
[[0.29553988]
 [0.0036942 ]]
[[0.27398537]
 [0.00390797]]
[[0.25297176]
 [0.00414795]]
[[0.23250443]
 [0.00441945]]
[[0.21259043]
 [0.00472934]]
[[0.19323912]
 [0.00508657]]
[[0.17446324]
 [0.00550304]]
[[0.1562805 ]
 [0.00599483]]
[[0.1387162 ]
 [0.00658403]]
[[0.12180767]
 [0.0073016 ]]
[[0.10561193]
 [0.00819142]]
[[0.0902198 ]
 [0.00931585]]
[[0.07578274]
 [0.01076074]]
[[0.06256544]
 [0.01262877]]
[[0.05104667]
 [0.01497478]]
[[0.04207764]
 [0.01754714]]
[[0.03693039]
 [0.01927718]]
[[0.03663964]
 [0.01869907]]
[[0.0408005 ]
 [0.01612681]]
[[0.04785846]
 [0.01317382]]
[[0.05640253]
 [0.01068423]]
[[0.06557628]
 [0.00875923]]
[[0.07491442]
 [0.00728591]]
[[0.08416261]
 [0.00614149]]
[[0.09317564]
 [0.00523301]]
[[0.10186645]
 [0.00449546]]
[[0.11018029]
 [0.00388387]]
[[0.11808137]
 [0.0033668 ]]
[[0.12554539]
 [0.00292189]]
[[0.13255545]
 [0.00253286]]
[[0.13909943]
 [0.00218765]]
[[0.14516853]
 [0.00187712]]
[[0.15075622]
 [0.00159422]]
[[0.15585765]
 [0.00133339]]
[[0.16046917]
 [0.0010902 ]]
[[0.16458804]
 [0.00086099]]
[[0.16821226]
 [0.00064273]]
[[0.17134037]
 [0.00043284]]
[[0.17397141]
 [0.00022908]]
[[1.76104810e-01]
 [2.94482422e-05]]
[[ 1.77740344e-01]
 [-1.67885837e-04]]
[[ 0.17887813]
 [-0.00036463]]
[[ 0.17951859]
 [-0.00056243]]
[[ 0.17966247]
 [-0.00076292]]
[[ 0.17931085]
 [-0.00096774]]
[[ 0.17846517]
 [-0.00117863]]
[[ 0.17712727]
 [-0.00139741]]
[[ 0.17529947]
 [-0.00162609]]
[[ 0.17298462]
 [-0.0018669 ]]
[[ 0.17018626]
 [-0.00212235]]
[[ 0.16690872]
 [-0.00239534]]
[[ 0.16315735]
 [-0.00268924]]
[[ 0.15893875]
 [-0.00300804]]
[[ 0.15426117]
 [-0.0033565 ]]
[[ 0.14913498]
 [-0.00374036]]
[[ 0.14357331]
 [-0.00416664]]
[[ 0.13759303]
 [-0.00464396]]
[[ 0.13121607]
 [-0.005183  ]]
[[ 0.12447134]
 [-0.00579705]]
[[ 0.1173976 ]
 [-0.00650268]]
[[ 0.11004761]
 [-0.00732037]]
[[ 0.10249457]
 [-0.00827496]]
[[ 0.09484175]
 [-0.00939508]]
[[ 0.08723715]
 [-0.01071001]]
[[ 0.079895  ]
 [-0.01224025]]
[[ 0.07312463]
 [-0.013975  ]]
[[ 0.06736105]
 [-0.01582898]]
[[ 0.06317352]
 [-0.01758577]]
[[ 0.06120254]
 [-0.01888829]]
[[ 0.06198445]
 [-0.0193827 ]]
[[ 0.06573771]
 [-0.01897235]]
[[ 0.07229847]
 [-0.01788877]]
[[ 0.08126335]
 [-0.01648738]]
[[ 0.09218368]
 [-0.01504244]]
[[ 0.10467743]
 [-0.01369802]]
[[ 0.11845643]
 [-0.01250618]]
[[ 0.13331435]
 [-0.01147183]]
[[ 0.14910579]
 [-0.01058068]]
[[ 0.16572805]
 [-0.00981294]]
[[ 0.18310782]
 [-0.00914913]]
[[ 0.20119193]
 [-0.00857207]]
[[ 0.21994126]
 [-0.00806736]]
[[ 0.2393265 ]
 [-0.00762313]]
[[ 0.25932537]
 [-0.00722971]]
[[ 0.27992067]
 [-0.00687922]]
[[ 0.30109899]
 [-0.00656522]]
[[ 0.32284966]
 [-0.00628245]]
[[ 0.34516418]
 [-0.00602655]]
[[ 0.36803564]
 [-0.00579392]]
[[ 0.39145841]
 [-0.00558156]]
[[ 0.41542784]
 [-0.00538695]]
[[ 0.43994006]
 [-0.00520794]]
