[[-1.14251379e-24]
 [-1.31909125e-23]
 [ 4.64857297e+00]]
[[-0.02043821]
 [-0.32952034]
 [ 4.65241038]]
[[-0.03852163]
 [-0.64137854]
 [ 4.65663343]]
[[-0.05429106]
 [-0.93593199]
 [ 4.66129713]]
[[-0.06778729]
 [-1.21353808]
 [ 4.66646708]]
[[-0.07905114]
 [-1.4745542 ]
 [ 4.67222217]]
[[-0.0881234 ]
 [-1.71933775]
 [ 4.67865801]]
[[-0.09504487]
 [-1.94824611]
 [ 4.68589157]]
[[-0.09985636]
 [-2.16163669]
 [ 4.69406741]]
[[-0.10259867]
 [-2.35986687]
 [ 4.70336618]]
[[-0.1033126 ]
 [-2.54329403]
 [ 4.71401639]]
[[-0.10203895]
 [-2.71227558]
 [ 4.72631115]]
[[-0.09881853]
 [-2.86716891]
 [ 4.74063219]]
[[-0.09369213]
 [-3.00833141]
 [ 4.75748528]]
[[-0.08670056]
 [-3.13612046]
 [ 4.77755365]]
[[-0.07788461]
 [-3.25089347]
 [ 4.80178065]]
[[-0.0672851 ]
 [-3.35300781]
 [ 4.83150127]]
[[-0.05494283]
 [-3.44282089]
 [ 4.86865767]]
[[-0.04089858]
 [-3.5206901 ]
 [ 4.916163  ]]
[[-0.02519318]
 [-3.58697283]
 [ 4.97852992]]
[[-0.00786741]
 [-3.64202646]
 [ 5.06296195]]
[[ 0.01103792]
 [-3.6862084 ]
 [ 5.18114677]]
[[ 0.03148201]
 [-3.71987603]
 [ 5.35144846]]
[[ 0.05342405]
 [-3.74338674]
 [ 5.59753148]]
[[ 0.07682324]
 [-3.75709793]
 [ 5.92850211]]
[[ 0.10163879]
 [-3.76136699]
 [ 0.01304806]]
[[ 0.12782989]
 [-3.75655131]
 [ 0.33122865]]
[[ 0.15535574]
 [-3.74300828]
 [ 0.56306044]]
[[ 0.18417554]
 [-3.7210953 ]
 [ 0.72280263]]
[[ 0.21424848]
 [-3.69116975]
 [ 0.83383865]]
[[ 0.24553376]
 [-3.65358902]
 [ 0.91332367]]
[[ 0.27799059]
 [-3.60871052]
 [ 0.97204808]]
[[ 0.31157815]
 [-3.55689162]
 [ 1.01666572]]
[[ 0.34625566]
 [-3.49848973]
 [ 1.05136158]]
[[ 0.3819823 ]
 [-3.43386223]
 [ 1.07884951]]
[[ 0.41871727]
 [-3.36336651]
 [ 1.10094586]]
[[ 0.45641978]
 [-3.28735997]
 [ 1.11890247]]
[[ 0.49504901]
 [-3.20620001]
 [ 1.13360486]]
[[ 0.53456418]
 [-3.120244  ]
 [ 1.14569378]]
[[ 0.57492447]
 [-3.02984934]
 [ 1.15564179]]
[[ 0.61608909]
 [-2.93537343]
 [ 1.16380303]]
[[ 0.65801724]
 [-2.83717366]
 [ 1.17044615]]
[[ 0.7006681 ]
 [-2.73560741]
 [ 1.17577684]]
[[ 0.74400088]
 [-2.63103208]
 [ 1.17995327]]
[[ 0.78797478]
 [-2.52380506]
 [ 1.18309708]]
[[ 0.832549  ]
 [-2.41428375]
 [ 1.18530109]]
[[ 0.87768273]
 [-2.30282553]
 [ 1.18663487]]
[[ 0.92333518]
 [-2.18978779]
 [ 1.18714872]]
[[ 0.96946553]
 [-2.07552794]
 [ 1.18687649]]
[[ 1.016033  ]
 [-1.96040335]
 [ 1.18583747]]
[[ 1.06299677]
 [-1.84477143]
 [ 1.1840376 ]]
[[ 1.11031605]
 [-1.72898955]
 [ 1.18147007]]
[[ 1.15795003]
 [-1.61341513]
 [ 1.17811541]]
[[ 1.20585791]
 [-1.49840554]
 [ 1.17394103]]
[[ 1.25399889]
 [-1.38431817]
 [ 1.16890026]]
[[ 1.30233217]
 [-1.27151043]
 [ 1.16293077]]
[[ 1.35081695]
 [-1.1603397 ]
 [ 1.15595234]]
[[ 1.39941242]
 [-1.05116337]
 [ 1.14786376]]
[[ 1.44807778]
 [-0.94433884]
 [ 1.13853868]]
[[ 1.49677224]
 [-0.84022349]
 [ 1.12782004]]
[[ 1.54545498]
 [-0.73917473]
 [ 1.11551273]]
[[ 1.59408521]
 [-0.64154993]
 [ 1.10137362]]
[[ 1.64262213]
 [-0.5477065 ]
 [ 1.08509833]]
[[ 1.69102492]
 [-0.45800182]
 [ 1.06630319]]
[[ 1.7392528 ]
 [-0.37279328]
 [ 1.04450061]]
[[ 1.78726497]
 [-0.29243829]
 [ 1.01906511]]
[[ 1.8350206 ]
 [-0.21729422]
 [ 0.98918629]]
[[ 1.88247892]
 [-0.14771847]
 [ 0.95380331]]
[[ 1.92959911]
 [-0.08406844]
 [ 0.91151423]]
[[ 1.97634037]
 [-0.0267015 ]
 [ 0.86045282]]
[[2.0226619 ]
 [0.02402493]
 [0.79812958]]
[[2.06852291]
 [0.06775348]
 [0.72125188]]
[[2.11388257]
 [0.10412675]
 [0.62559574]]
[[2.15870011]
 [0.13278734]
 [0.50614823]]
[[2.20293471]
 [0.15337788]
 [0.35802803]]
[[2.24654557]
 [0.16554096]
 [0.1789622 ]]
[[2.28949189]
 [0.16891919]
 [6.25658809]]
[[2.33173286]
 [0.16315518]
 [6.03853082]]
[[2.3732277 ]
 [0.14789155]
 [5.82777406]]
[[2.41393559]
 [0.12277089]
 [5.640595  ]]
[[2.45381573]
 [0.08743582]
 [5.48393122]]
[[2.49282732]
 [0.04152895]
 [5.3568845 ]]
[[ 2.53092956]
 [-0.01530712]
 [ 5.25495065]]
[[ 2.56808165]
 [-0.08342978]
 [ 5.1730097 ]]
[[ 2.60424278]
 [-0.16319642]
 [ 5.10658832]]
[[ 2.63937216]
 [-0.25496443]
 [ 5.05214711]]
[[ 2.67342898]
 [-0.35909121]
 [ 5.00699451]]
[[ 2.70637244]
 [-0.47593414]
 [ 4.96910977]]
[[ 2.73816173]
 [-0.60585061]
 [ 4.93697539]]
[[ 2.76875607]
 [-0.74919803]
 [ 4.90944421]]
[[ 2.79811464]
 [-0.90633378]
 [ 4.88564057]]
[[ 2.82619664]
 [-1.07761524]
 [ 4.86488866]]
[[ 2.85296127]
 [-1.26339983]
 [ 4.84666102]]
[[ 2.87836773]
 [-1.46404491]
 [ 4.83054133]]
[[ 2.90237522]
 [-1.6799079 ]
 [ 4.81619754]]
[[ 2.92494293]
 [-1.91134618]
 [ 4.80336207]]
[[ 2.94603007]
 [-2.15871713]
 [ 4.79181728]]
[[ 2.96559582]
 [-2.42237816]
 [ 4.78138458]]
[[ 2.9835994 ]
 [-2.70268665]
 [ 4.77191617]]
[[ 3.        ]
 [-3.        ]
 [ 4.76328884]]
