[[0.]
 [0.]
 [0.]]
[[0.]
 [0.]
 [0.]]
[[0.]
 [0.]
 [0.]]
[[0.]
 [0.]
 [0.]]
[[0.]
 [0.]
 [0.]]
[[0.]
 [0.]
 [0.]]
[[0.]
 [0.]
 [0.]]
[[0.]
 [0.]
 [0.]]
[[0.]
 [0.]
 [0.]]
[[0.]
 [0.]
 [0.]]
[[0.]
 [0.]
 [0.]]
[[0.]
 [0.]
 [0.]]
[[0.]
 [0.]
 [0.]]
[[-0.02483483]
 [ 0.12029594]
 [ 0.04875683]]
[[-0.01302306]
 [ 0.11869522]
 [ 0.09512589]]
[[-0.00098469]
 [ 0.11887036]
 [ 0.23586243]]
[[0.00771861]
 [0.12052258]
 [0.35384447]]
[[0.01489317]
 [0.12232917]
 [0.44461947]]
[[0.02070837]
 [0.12436131]
 [0.52268904]]
[[0.02585447]
 [0.1267854 ]
 [0.59890099]]
[[0.03015044]
 [0.12886378]
 [0.66071474]]
[[0.03305581]
 [0.13057329]
 [0.69991623]]
[[0.0346441 ]
 [0.1315656 ]
 [0.72601643]]
[[0.03633301]
 [0.13286325]
 [0.7495431 ]]
[[0.03770721]
 [0.13377592]
 [0.77344405]]
[[0.0391068 ]
 [0.13449576]
 [0.78856152]]
[[0.03944737]
 [0.13507892]
 [0.79943532]]
[[0.03989287]
 [0.13531743]
 [0.80452835]]
[[0.03994359]
 [0.13541155]
 [0.80654527]]
[[0.03997149]
 [0.13564247]
 [0.80981632]]
[[0.04006604]
 [0.13583639]
 [0.81397393]]
[[0.04019696]
 [0.13586518]
 [0.81840769]]
[[0.04014976]
 [0.13591979]
 [0.81844916]]
[[0.04024512]
 [0.13595724]
 [0.81688078]]
[[0.04021695]
 [0.13601588]
 [0.81711565]]
[[0.04024771]
 [0.13594912]
 [0.81726868]]
[[0.04042096]
 [0.13608304]
 [0.81977206]]
[[0.04047079]
 [0.13611785]
 [0.82063766]]
[[0.04047623]
 [0.13612069]
 [0.82052092]]
[[0.04047833]
 [0.13612828]
 [0.82060905]]
[[0.04042244]
 [0.13618994]
 [0.82057668]]
[[0.04047401]
 [0.13612661]
 [0.82059574]]
[[0.04046056]
 [0.13611823]
 [0.82055237]]
[[0.04046989]
 [0.13612911]
 [0.82052264]]
[[0.04042463]
 [0.1361901 ]
 [0.82051028]]
[[0.04045818]
 [0.13611361]
 [0.82063257]]
[[0.04047817]
 [0.13612235]
 [0.82062371]]
[[0.04048016]
 [0.13612369]
 [0.82056301]]
[[0.04047928]
 [0.1361109 ]
 [0.82060521]]
[[0.04044065]
 [0.13618936]
 [0.82050645]]
[[0.04044859]
 [0.13618682]
 [0.82047151]]
[[0.04044291]
 [0.13619205]
 [0.82057463]]
[[0.04042238]
 [0.13618286]
 [0.82053312]]
[[0.04047671]
 [0.13611622]
 [0.82060924]]
[[0.04047775]
 [0.13613276]
 [0.82069832]]
[[0.04050402]
 [0.13615555]
 [0.8216695 ]]
[[0.04056812]
 [0.13617539]
 [0.82228773]]
[[0.0405447 ]
 [0.13618271]
 [0.82225155]]
[[0.04054874]
 [0.13626119]
 [0.82256362]]
[[0.04084904]
 [0.13638107]
 [0.82602191]]
[[0.04097828]
 [0.13646051]
 [0.82721048]]
[[0.04095636]
 [0.13653043]
 [0.82712273]]
[[0.04095706]
 [0.13653186]
 [0.8271177 ]]
[[0.04098465]
 [0.13646859]
 [0.82740911]]
[[0.04132523]
 [0.13659135]
 [0.83137281]]
[[0.04127733]
 [0.13667411]
 [0.83308636]]
[[0.04132028]
 [0.13660702]
 [0.83300357]]
[[0.04150489]
 [0.13688852]
 [0.83496952]]
[[0.04148367]
 [0.13698068]
 [0.83636765]]
[[0.04153124]
 [0.13704616]
 [0.83847797]]
[[0.04161287]
 [0.13712503]
 [0.83998166]]
[[0.04175105]
 [0.13723218]
 [0.84190918]]
[[0.04195639]
 [0.13734816]
 [0.84483297]]
[[0.04232772]
 [0.13744979]
 [0.8492338 ]]
[[0.04254888]
 [0.13767523]
 [0.85257437]]
[[0.04284946]
 [0.13789231]
 [0.85575981]]
[[0.04309266]
 [0.13813756]
 [0.858408  ]]
[[0.04344342]
 [0.13848053]
 [0.86413139]]
[[0.04383123]
 [0.1388133 ]
 [0.86906383]]
[[0.0441243 ]
 [0.13906789]
 [0.87540179]]
[[0.04435944]
 [0.13951571]
 [0.88338153]]
[[0.04480798]
 [0.13991007]
 [0.8904028 ]]
[[0.04534101]
 [0.14033608]
 [0.90181064]]
[[0.0459471 ]
 [0.14093232]
 [0.91202345]]
[[0.04665416]
 [0.14160819]
 [0.9222698 ]]
[[0.04730357]
 [0.14219989]
 [0.93300398]]
[[0.04822287]
 [0.14289765]
 [0.94606649]]
[[0.0489786 ]
 [0.1436341 ]
 [0.95959561]]
[[0.04969661]
 [0.14465028]
 [0.9749825 ]]
[[0.0505928 ]
 [0.14548746]
 [0.99261532]]
[[0.05157794]
 [0.1466393 ]
 [1.01087571]]
[[0.05288079]
 [0.1478212 ]
 [1.03031189]]
[[0.05370618]
 [0.14942268]
 [1.05534419]]
[[0.05525305]
 [0.15147477]
 [1.08739301]]
[[0.05688326]
 [0.15342724]
 [1.11737135]]
[[0.05804591]
 [0.15524888]
 [1.14660115]]
[[0.06039333]
 [0.15796374]
 [1.19348041]]
[[0.06266636]
 [0.16222817]
 [1.25892337]]
[[0.0655229 ]
 [0.167946  ]
 [1.35074768]]
