[[0.84188627]
 [1.1958657 ]]
[[0.86431606]
 [1.19843699]]
[[0.86431606]
 [1.20108642]]
[[0.91065244]
 [1.20381377]]
[[0.91065244]
 [1.20661877]]
[[0.93458314]
 [1.20950113]]
[[0.98402989]
 [1.21246053]]
[[0.98402989]
 [1.21549662]]
[[1.03567083]
 [1.218609  ]]
[[1.06234427]
 [1.22506103]]
[[1.06234427]
 [1.22506103]]
[[1.08960244]
 [1.22839977]]
[[1.14592121]
 [1.23181301]]
[[1.17500594]
 [1.23530026]]
[[1.20472363]
 [1.23886096]]
[[1.23508635]
 [1.24620051]]
[[1.26610617]
 [1.24620051]]
[[1.29779515]
 [1.24997818]]
[[1.29779515]
 [1.25382696]]
[[1.36322879]
 [1.26173537]]
[[1.39699759]
 [1.26173537]]
[[1.43148362]
 [1.26579425]]
[[1.45686975]
 [1.2895585 ]]
[[1.43719859]
 [1.33320583]]
[[1.43381117]
 [1.41666117]]
[[1.43915523]
 [1.56522092]]
[[1.38015434]
 [1.6843929 ]]
[[1.34928537]
 [1.90901801]]
[[1.30390525]
 [2.08826434]]
[[1.15828842]
 [2.20408271]]
[[1.08656329]
 [1.91133959]]
[[0.92084559]
 [1.46148803]]
[[0.85052542]
 [0.88379625]]
[[0.71256843]
 [0.12118038]]
[[ 0.67773526]
 [-0.39044463]]
[[ 0.67061259]
 [-0.74499228]]
[[ 0.6733118 ]
 [-0.91050739]]
[[ 0.6567691 ]
 [-0.84621411]]
[[ 0.65237143]
 [-0.78359359]]
[[ 0.66091468]
 [-0.66302385]]
[[ 0.55908573]
 [-0.54291371]]
[[ 0.59348641]
 [-0.45395532]]
[[ 0.56209223]
 [-0.37126649]]
[[ 0.47675453]
 [-0.29569341]]
[[ 0.43903084]
 [-0.22420287]]
[[ 0.48041678]
 [-0.1774065 ]]
[[ 0.46574489]
 [-0.13039807]]
[[ 0.39326568]
 [-0.10411608]]
[[ 0.44530712]
 [-0.08528637]]
[[ 0.44070383]
 [-0.08027001]]
[[ 0.42168958]
 [-0.10510419]]
[[ 0.35601997]
 [-0.1020481 ]]
[[ 0.35731812]
 [-0.07735231]]
[[ 0.3645047]
 [-0.0579653]]
[[ 0.37242161]
 [-0.03988103]]
[[ 0.37995698]
 [-0.03056852]]
[[ 0.45486567]
 [-0.02065638]]
[[0.3779157 ]
 [0.00632394]]
[[0.38391888]
 [0.00937993]]
[[0.3944941 ]
 [0.00593697]]
[[0.40477559]
 [0.00825962]]
[[0.41499329]
 [0.00963258]]
[[0.48633996]
 [0.00924299]]
[[0.41517388]
 [0.00988282]]
[[0.49997263]
 [0.00815632]]
[[0.41221114]
 [0.00812169]]
[[0.43490621]
 [0.02599048]]
[[0.44830465]
 [0.01836745]]
[[0.46051485]
 [0.01612744]]
[[0.47162504]
 [0.01152605]]
[[0.48253562]
 [0.00758615]]
[[0.57872222]
 [0.00569098]]
[[0.49802456]
 [0.00334427]]
[[0.50125661]
 [0.00213672]]
[[0.51236463]
 [0.00171728]]
[[0.52372537]
 [0.00112903]]
[[0.51821621]
 [0.00084174]]
[[0.53052354]
 [0.00073878]]
[[6.38090552e-01]
 [5.10406069e-04]]
[[6.62760645e-01]
 [2.66695398e-04]]
[[5.41763095e-01]
 [2.59614749e-04]]
[[ 5.47939539e-01]
 [-4.82198433e-04]]
[[ 5.79978701e-01]
 [-9.69451902e-05]]
[[ 5.93615165e-01]
 [-2.70978019e-04]]
[[ 0.58709759]
 [-0.00082163]]
[[0.60000349]
 [0.00086995]]
[[ 6.12940001e-01]
 [-3.26264747e-04]]
[[ 6.25579464e-01]
 [-3.44148847e-04]]
[[ 6.18680797e-01]
 [-5.54181793e-04]]
[[ 6.32062215e-01]
 [-2.98978481e-04]]
[[ 6.45269071e-01]
 [-2.58285477e-04]]
[[ 7.62953651e-01]
 [-2.88403898e-04]]
[[ 0.65951847]
 [-0.00070769]]
[[ 0.66231417]
 [-0.00069097]]
[[ 7.65267596e-01]
 [-3.27919850e-04]]
[[ 7.58016730e-01]
 [-2.29459421e-04]]
[[ 7.43292974e-01]
 [-1.39600500e-04]]
[[7.34512730e-01]
 [7.57602302e-06]]
[[6.70877139e-01]
 [8.92790180e-06]]
