[[0.11047037]
 [0.        ]]
[[0.11274922]
 [0.        ]]
[[0.11509648]
 [0.        ]]
[[1.17512161e-01]
 [8.67361738e-19]]
[[ 1.19996251e-01]
 [-8.67361738e-19]]
[[ 1.22548755e-01]
 [-8.67361738e-19]]
[[1.25169672e-01]
 [8.67361738e-19]]
[[0.127859]
 [0.      ]]
[[ 1.30616746e-01]
 [-1.73472348e-18]]
[[ 1.33442903e-01]
 [-1.73472348e-18]]
[[ 1.36337473e-01]
 [-1.73472348e-18]]
[[ 1.39300456e-01]
 [-8.67361738e-19]]
[[ 1.42331853e-01]
 [-8.67361738e-19]]
[[0.14543166]
 [0.        ]]
[[0.14859989]
 [0.        ]]
[[ 1.51836523e-01]
 [-1.73472348e-18]]
[[0.15514157]
 [0.        ]]
[[0.15851504]
 [0.        ]]
[[ 1.61956912e-01]
 [-1.73472348e-18]]
[[ 1.65467201e-01]
 [-1.73472348e-18]]
[[ 1.69045904e-01]
 [-1.73472348e-18]]
[[0.17269302]
 [0.        ]]
[[ 1.76408550e-01]
 [-3.46944695e-18]]
[[0.18019249]
 [0.        ]]
[[0.18404485]
 [0.        ]]
[[ 1.87965618e-01]
 [-3.46944695e-18]]
[[ 1.91954800e-01]
 [-3.46944695e-18]]
[[ 1.96012396e-01]
 [-3.46944695e-18]]
[[ 2.00138405e-01]
 [-3.46944695e-18]]
[[0.20433283]
 [0.        ]]
[[ 2.08595663e-01]
 [-3.46944695e-18]]
[[ 2.12926912e-01]
 [-3.46944695e-18]]
[[ 2.17326574e-01]
 [-1.73472348e-18]]
[[0.22179465]
 [0.        ]]
[[ 2.26331138e-01]
 [-1.73472348e-18]]
[[2.30936040e-01]
 [1.73472348e-18]]
[[ 2.35609356e-01]
 [-1.73472348e-18]]
[[0.24035108]
 [0.        ]]
[[ 2.45161226e-01]
 [-5.20417043e-18]]
[[ 2.50039781e-01]
 [-3.46944695e-18]]
[[ 2.54986750e-01]
 [-5.20417043e-18]]
[[0.26000213]
 [0.        ]]
[[ 2.65085926e-01]
 [-5.20417043e-18]]
[[0.27023813]
 [0.        ]]
[[0.27545876]
 [0.        ]]
[[0.28074779]
 [0.        ]]
[[ 2.86105239e-01]
 [-1.73472348e-18]]
[[0.2915311]
 [0.       ]]
[[ 2.97025375e-01]
 [-1.73472348e-18]]
[[0.30258806]
 [0.        ]]
[[ 3.08219164e-01]
 [-5.20417043e-18]]
[[ 3.13918678e-01]
 [-3.46944695e-18]]
[[0.31968661]
 [0.        ]]
[[ 3.25522947e-01]
 [-3.46944695e-18]]
[[0.3314277]
 [0.       ]]
[[ 3.37400869e-01]
 [-5.20417043e-18]]
[[ 3.43442450e-01]
 [-3.46944695e-18]]
[[ 3.49552444e-01]
 [-1.73472348e-18]]
[[ 3.55730851e-01]
 [-1.73472348e-18]]
[[ 3.61977672e-01]
 [-3.46944695e-18]]
[[0.36829291]
 [0.        ]]
[[ 3.74676553e-01]
 [-3.46944695e-18]]
[[0.38112861]
 [0.        ]]
[[0.38764909]
 [0.        ]]
[[ 3.94237974e-01]
 [-3.46944695e-18]]
[[0.40089527]
 [0.        ]]
[[0.40762099]
 [0.        ]]
[[ 4.14415115e-01]
 [-3.46944695e-18]]
[[ 4.21277655e-01]
 [-3.46944695e-18]]
[[ 4.28208608e-01]
 [-3.46944695e-18]]
[[4.35207975e-01]
 [3.46944695e-18]]
[[0.44227576]
 [0.        ]]
[[ 4.49411948e-01]
 [-3.46944695e-18]]
[[ 4.56616555e-01]
 [-3.46944695e-18]]
[[ 4.63889575e-01]
 [-3.46944695e-18]]
[[4.71231008e-01]
 [3.46944695e-18]]
[[0.47864085]
 [0.        ]]
[[ 4.86119114e-01]
 [-6.93889390e-18]]
[[ 4.93665787e-01]
 [-3.46944695e-18]]
[[ 5.01280873e-01]
 [-6.93889390e-18]]
[[ 5.08964372e-01]
 [-3.46944695e-18]]
[[0.51671629]
 [0.        ]]
[[5.24536611e-01]
 [3.46944695e-18]]
[[0.53242535]
 [0.        ]]
[[0.5403825]
 [0.       ]]
[[5.48408069e-01]
 [3.46944695e-18]]
[[ 5.56502048e-01]
 [-6.93889390e-18]]
[[ 5.64664440e-01]
 [-3.46944695e-18]]
[[0.57289525]
 [0.        ]]
[[0.58119446]
 [0.        ]]
[[ 5.89562097e-01]
 [-6.93889390e-18]]
[[0.59799814]
 [0.        ]]
[[6.06502601e-01]
 [6.93889390e-18]]
[[6.15075473e-01]
 [3.46944695e-18]]
[[ 6.23716759e-01]
 [-6.93889390e-18]]
[[ 6.32426457e-01]
 [-3.46944695e-18]]
[[ 6.41204569e-01]
 [-3.46944695e-18]]
[[6.50051094e-01]
 [3.46944695e-18]]
[[6.58966033e-01]
 [3.46944695e-18]]
[[0.66794938]
 [0.        ]]
