[[1.        ]
 [1.        ]
 [1.42636727]]
[[1.09371306]
 [1.58050214]
 [1.39356534]]
[[1.19572014]
 [2.09466683]
 [1.35434754]]
[[1.30551399]
 [2.54545585]
 [1.30687536]]
[[1.42258735]
 [2.93583101]
 [1.24864994]]
[[1.54643296]
 [3.26875412]
 [1.17627744]]
[[1.67654357]
 [3.54718697]
 [1.08523113]]
[[1.81241191]
 [3.77409137]
 [0.96980184]]
[[1.95353073]
 [3.95242913]
 [0.82377879]]
[[2.09939277]
 [4.08516204]
 [0.64293606]]
[[2.24949078]
 [4.17525191]
 [0.43012883]]
[[2.40331749]
 [4.22566054]
 [0.20018164]]
[[ 2.56036565]
 [ 4.23934973]
 [-0.02323554]]
[[ 2.720128  ]
 [ 4.21928129]
 [-0.2198128 ]]
[[ 2.88209729]
 [ 4.16841701]
 [-0.38110663]]
[[ 3.04576625]
 [ 4.08971871]
 [-0.50859744]]
[[ 3.21062763]
 [ 3.98614818]
 [-0.60794903]]
[[ 3.37617417]
 [ 3.86066722]
 [-0.68522245]]
[[ 3.54189862]
 [ 3.71623765]
 [-0.74546568]]
[[ 3.70729371]
 [ 3.55582126]
 [-0.79249975]]
[[ 3.8718522 ]
 [ 3.38237985]
 [-0.82909709]]
[[ 4.03506681]
 [ 3.19887522]
 [-0.85721995]]
[[ 4.1964303 ]
 [ 3.00826919]
 [-0.87821802]]
[[ 4.3554354 ]
 [ 2.81352355]
 [-0.89296711]]
[[ 4.51157487]
 [ 2.6176001 ]
 [-0.90195372]]
[[ 4.66434143]
 [ 2.42346066]
 [-0.90531141]]
[[ 4.81322784]
 [ 2.23406701]
 [-0.90280929]]
[[ 4.95772684]
 [ 2.05238096]
 [-0.8937831 ]]
[[ 5.09733116]
 [ 1.88136432]
 [-0.87698204]]
[[ 5.23153356]
 [ 1.72397889]
 [-0.85027405]]
[[ 5.35982677]
 [ 1.58318647]
 [-0.81008989]]
[[ 5.48170354]
 [ 1.46194886]
 [-0.75035796]]
[[ 5.59665661]
 [ 1.36322787]
 [-0.66043581]]
[[ 5.70417871]
 [ 1.28998529]
 [-0.52128669]]
[[ 5.80376261]
 [ 1.24518294]
 [-0.30067074]]
[[5.89490103]
 [1.23178261]
 [0.0378848 ]]
[[5.97708671]
 [1.25274611]
 [0.46738122]]
[[6.04981241]
 [1.31103523]
 [0.85466276]]
[[6.11257087]
 [1.40961179]
 [1.12228472]]
[[6.16485482]
 [1.55143759]
 [1.29308475]]
[[6.20615701]
 [1.73947442]
 [1.40433024]]
[[6.23597018]
 [1.97668409]
 [1.48009802]]
[[6.25378708]
 [2.2660284 ]
 [1.53399338]]
[[6.25910044]
 [2.61046916]
 [1.57376565]]
[[6.25140301]
 [3.01296816]
 [1.60401277]]
[[6.23018754]
 [3.47648722]
 [1.62758904]]
[[6.19494676]
 [4.00398813]
 [1.64634203]]
[[6.14517341]
 [4.59843269]
 [1.66151244]]
[[6.08036024]
 [5.26278272]
 [1.6739604 ]]
[[6.       ]
 [6.       ]
 [1.6842988]]
