[[7.50036255e-01]
 [7.49998921e-01]
 [4.29446743e-07]]
[[1.07361733]
 [0.81884765]
 [0.44622704]]
[[1.49709443]
 [1.17272026]
 [0.93980229]]
[[1.76113766]
 [1.75469389]
 [1.34577255]]
[[1.79725325]
 [2.24825027]
 [1.6424316 ]]
[[1.75684203]
 [2.7895188 ]
 [1.64108822]]
[[1.75628688]
 [3.204865  ]
 [1.49902205]]
[[1.80778034]
 [3.53621685]
 [1.33262036]]
[[1.8830258 ]
 [3.75449332]
 [1.14347905]]
[[1.96891185]
 [3.90750553]
 [0.97405758]]
[[2.10311065]
 [4.06288856]
 [0.74205295]]
[[2.20414955]
 [4.14452633]
 [0.61752287]]
[[2.38603875]
 [4.2366006 ]
 [0.31618973]]
[[2.48928036]
 [4.26275258]
 [0.18036562]]
[[2.69334018]
 [4.27337754]
 [0.07725659]]
[[2.87602237]
 [4.23436948]
 [0.34474484]]
[[3.08067568]
 [4.080522  ]
 [0.94755275]]
[[3.12057181]
 [3.88867609]
 [1.79772017]]
[[2.95910915]
 [3.74491545]
 [3.03749648]]
[[2.75597772]
 [3.95984644]
 [1.40688961]]
[[3.07524062]
 [4.3650809 ]
 [0.44939412]]
[[3.64879559]
 [4.43783472]
 [0.18181676]]
[[4.09758201]
 [4.14537305]
 [0.97772588]]
[[4.09911103]
 [3.67323711]
 [2.16472238]]
